image_width: 1280
image_height: 1024
camera_name: narrow_stereo
camera_matrix:
  rows: 3
  cols: 3
  data: [1296.484  ,    0.     ,  633.77531,
            0.     , 1298.16665,  506.23688,
            0.     ,    0.     ,    1.     ]
distortion_model: plumb_bob
distortion_coefficients:
  rows: 1
  cols: 5
  data: [-0.076095, 0.133217, 0.002672, -0.000692, 0.000000]
rectification_matrix:
  rows: 3
  cols: 3
  data: [1., 0., 0.,
         0., 1., 0.,
         0., 0., 1.]
projection_matrix:
  rows: 3
  cols: 4
  data: [1286.70557,    0.     ,  632.58795,    0.     ,
            0.     , 1286.98169,  507.86331,    0.     ,
            0.     ,    0.     ,    1.     ,    0.     ]
